Green: 2 9 7 9
Blue: 3 6 1 4

N 43 12.979 W 077 33.614
---------------------------
Solution
---------------------------
Pressing CTRL-C will copy this text to the clipboard
Open NOTEPAD (or similar editor) and paste to get the solution

Solution is given in moves like (12,14,7,45,29)
   where 12,14 is the cell position - (0,0) is upper left, (1,0) is one to right
   7 is the forced unique entry in this cell
   and 45 is the right sum and 29 is the down sum intersecting at this cell
   Press enter if this window is too big to close it
   Total running time was 5 ms.
Solution follows:

(1,2,9,14,16) (1,5,3,4,20) (1,9,1,4,3) (1,12,1,6,4) (3,4,7,24,8) (3,7,9,17,16) (4,3,5,11,22) (5,5,9,23,16) (5,6,7,14,16) (5,12,6,30,7) (6,5,6,23,13) (7,2,5,11,21) (8,3,6,15,16) (9,1,1,7,4) (9,8,3,27,4) (9,13,6,7,23) (10,11,5,29,8) (11,7,1,4,3) (12,2,3,4,19) (13,2,1,4,3) (13,5,9,14,16) (13,9,3,4,20) (13,13,9,17,16) (1,1,7,13,16) (1,6,9,16,20) (1,8,2,22,3) (1,13,3,7,4) (2,2,5,14,45) (2,5,1,4,45) (2,7,8,17,45) (2,9,3,4,45) (2,12,5,6,15) (3,3,1,11,8) (3,8,7,22,16) (4,1,9,16,22) (4,5,8,23,9) (5,13,1,7,7) (6,7,4,21,13) (6,12,7,30,17) (7,3,9,15,21) (7,4,7,11,21) (7,6,4,14,20) (9,2,3,11,4) (9,9,1,9,4) (10,12,2,11,8) (10,13,1,7,8) (11,6,2,24,3) (11,11,7,29,8) (12,1,7,9,19) (12,5,5,14,45) (12,7,3,4,45) (12,9,1,4,45) (12,13,8,17,45) (13,1,2,9,3) (13,6,7,24,16) (13,8,9,16,20) (13,10,8,11,20) (13,12,7,11,16) (1,4,8,24,20) (2,1,6,13,45) (2,3,2,11,45) (2,4,9,24,45) (2,6,7,16,45) (2,13,4,7,15) (4,2,8,17,22) (4,6,1,14,9) (5,1,7,16,19) (6,4,1,11,13) (7,7,9,21,20) (7,12,8,30,11) (9,12,9,11,23) (11,10,1,11,8) (12,3,9,15,19) (12,8,7,16,45) (12,10,2,11,45) (12,11,9,29,45) (12,12,4,11,45) (2,8,4,22,45) (2,11,6,13,15) (4,12,9,30,11) (5,2,9,17,19) (5,3,3,11,19) (6,6,2,14,13) (7,8,7,27,20) (8,4,3,11,16) (8,7,8,21,27) (9,11,8,29,23) (11,3,6,15,10) (12,6,6,24,45) (3,11,7,13,11) (4,13,2,7,11) (8,5,4,20,16) (8,8,9,27,27) (10,6,8,24,24) (11,4,4,11,10) (3,10,4,7,11) (6,13,4,7,17) (8,1,2,7,16) (9,5,7,20,8) (9,6,1,24,8) (10,4,7,11,24) (10,8,8,27,10) (4,10,3,7,6) (8,2,1,11,16) (10,1,4,7,6) (10,5,9,20,24) (10,9,2,9,10) (4,8,1,22,6) (8,9,6,9,27) (10,2,2,11,6) (4,9,2,8,6) (5,8,8,22,13) (8,10,4,9,27) (5,9,5,8,13) (6,9,1,8,17) (7,10,2,9,11) (6,10,3,9,17) (6,11,2,3,17) (7,11,1,3,11) 
---------------------------
OK   
---------------------------
f